{
 "cells": [
  {
   "cell_type": "code",
   "execution_count": 51,
   "metadata": {},
   "outputs": [],
   "source": [
    "import pandas as pd\n",
    "import datetime"
   ]
  },
  {
   "cell_type": "code",
   "execution_count": 58,
   "metadata": {},
   "outputs": [],
   "source": [
    "mdata = pd.read_csv(\"interpolated_feedwheat.csv\")"
   ]
  },
  {
   "cell_type": "code",
   "execution_count": 59,
   "metadata": {
    "scrolled": true
   },
   "outputs": [
    {
     "data": {
      "text/html": [
       "<div>\n",
       "<style scoped>\n",
       "    .dataframe tbody tr th:only-of-type {\n",
       "        vertical-align: middle;\n",
       "    }\n",
       "\n",
       "    .dataframe tbody tr th {\n",
       "        vertical-align: top;\n",
       "    }\n",
       "\n",
       "    .dataframe thead th {\n",
       "        text-align: right;\n",
       "    }\n",
       "</style>\n",
       "<table border=\"1\" class=\"dataframe\">\n",
       "  <thead>\n",
       "    <tr style=\"text-align: right;\">\n",
       "      <th></th>\n",
       "      <th>Date</th>\n",
       "      <th>WTFESY</th>\n",
       "    </tr>\n",
       "  </thead>\n",
       "  <tbody>\n",
       "    <tr>\n",
       "      <th>0</th>\n",
       "      <td>6/01/1999</td>\n",
       "      <td>NaN</td>\n",
       "    </tr>\n",
       "    <tr>\n",
       "      <th>1</th>\n",
       "      <td>13/01/1999</td>\n",
       "      <td>160.000000</td>\n",
       "    </tr>\n",
       "    <tr>\n",
       "      <th>2</th>\n",
       "      <td>20/01/1999</td>\n",
       "      <td>157.000000</td>\n",
       "    </tr>\n",
       "    <tr>\n",
       "      <th>3</th>\n",
       "      <td>27/01/1999</td>\n",
       "      <td>153.000000</td>\n",
       "    </tr>\n",
       "    <tr>\n",
       "      <th>4</th>\n",
       "      <td>3/02/1999</td>\n",
       "      <td>151.500000</td>\n",
       "    </tr>\n",
       "    <tr>\n",
       "      <th>...</th>\n",
       "      <td>...</td>\n",
       "      <td>...</td>\n",
       "    </tr>\n",
       "    <tr>\n",
       "      <th>1095</th>\n",
       "      <td>3/01/2020</td>\n",
       "      <td>426.666667</td>\n",
       "    </tr>\n",
       "    <tr>\n",
       "      <th>1096</th>\n",
       "      <td>10/01/2020</td>\n",
       "      <td>430.000000</td>\n",
       "    </tr>\n",
       "    <tr>\n",
       "      <th>1097</th>\n",
       "      <td>17/01/2020</td>\n",
       "      <td>430.000000</td>\n",
       "    </tr>\n",
       "    <tr>\n",
       "      <th>1098</th>\n",
       "      <td>24/01/2020</td>\n",
       "      <td>430.000000</td>\n",
       "    </tr>\n",
       "    <tr>\n",
       "      <th>1099</th>\n",
       "      <td>31/01/2020</td>\n",
       "      <td>430.000000</td>\n",
       "    </tr>\n",
       "  </tbody>\n",
       "</table>\n",
       "<p>1100 rows × 2 columns</p>\n",
       "</div>"
      ],
      "text/plain": [
       "            Date      WTFESY\n",
       "0      6/01/1999         NaN\n",
       "1     13/01/1999  160.000000\n",
       "2     20/01/1999  157.000000\n",
       "3     27/01/1999  153.000000\n",
       "4      3/02/1999  151.500000\n",
       "...          ...         ...\n",
       "1095   3/01/2020  426.666667\n",
       "1096  10/01/2020  430.000000\n",
       "1097  17/01/2020  430.000000\n",
       "1098  24/01/2020  430.000000\n",
       "1099  31/01/2020  430.000000\n",
       "\n",
       "[1100 rows x 2 columns]"
      ]
     },
     "execution_count": 59,
     "metadata": {},
     "output_type": "execute_result"
    }
   ],
   "source": [
    "mdata"
   ]
  },
  {
   "cell_type": "code",
   "execution_count": 60,
   "metadata": {},
   "outputs": [],
   "source": [
    "mdata[\"Date\"] = pd.to_datetime(mdata[\"Date\"].astype(\"str\"), format=\"%d/%m/%Y\")"
   ]
  },
  {
   "cell_type": "code",
   "execution_count": 61,
   "metadata": {},
   "outputs": [
    {
     "data": {
      "text/html": [
       "<div>\n",
       "<style scoped>\n",
       "    .dataframe tbody tr th:only-of-type {\n",
       "        vertical-align: middle;\n",
       "    }\n",
       "\n",
       "    .dataframe tbody tr th {\n",
       "        vertical-align: top;\n",
       "    }\n",
       "\n",
       "    .dataframe thead th {\n",
       "        text-align: right;\n",
       "    }\n",
       "</style>\n",
       "<table border=\"1\" class=\"dataframe\">\n",
       "  <thead>\n",
       "    <tr style=\"text-align: right;\">\n",
       "      <th></th>\n",
       "      <th>Date</th>\n",
       "      <th>WTFESY</th>\n",
       "    </tr>\n",
       "  </thead>\n",
       "  <tbody>\n",
       "    <tr>\n",
       "      <th>0</th>\n",
       "      <td>1999-01-06</td>\n",
       "      <td>NaN</td>\n",
       "    </tr>\n",
       "    <tr>\n",
       "      <th>1</th>\n",
       "      <td>1999-01-13</td>\n",
       "      <td>160.000000</td>\n",
       "    </tr>\n",
       "    <tr>\n",
       "      <th>2</th>\n",
       "      <td>1999-01-20</td>\n",
       "      <td>157.000000</td>\n",
       "    </tr>\n",
       "    <tr>\n",
       "      <th>3</th>\n",
       "      <td>1999-01-27</td>\n",
       "      <td>153.000000</td>\n",
       "    </tr>\n",
       "    <tr>\n",
       "      <th>4</th>\n",
       "      <td>1999-02-03</td>\n",
       "      <td>151.500000</td>\n",
       "    </tr>\n",
       "    <tr>\n",
       "      <th>...</th>\n",
       "      <td>...</td>\n",
       "      <td>...</td>\n",
       "    </tr>\n",
       "    <tr>\n",
       "      <th>1095</th>\n",
       "      <td>2020-01-03</td>\n",
       "      <td>426.666667</td>\n",
       "    </tr>\n",
       "    <tr>\n",
       "      <th>1096</th>\n",
       "      <td>2020-01-10</td>\n",
       "      <td>430.000000</td>\n",
       "    </tr>\n",
       "    <tr>\n",
       "      <th>1097</th>\n",
       "      <td>2020-01-17</td>\n",
       "      <td>430.000000</td>\n",
       "    </tr>\n",
       "    <tr>\n",
       "      <th>1098</th>\n",
       "      <td>2020-01-24</td>\n",
       "      <td>430.000000</td>\n",
       "    </tr>\n",
       "    <tr>\n",
       "      <th>1099</th>\n",
       "      <td>2020-01-31</td>\n",
       "      <td>430.000000</td>\n",
       "    </tr>\n",
       "  </tbody>\n",
       "</table>\n",
       "<p>1100 rows × 2 columns</p>\n",
       "</div>"
      ],
      "text/plain": [
       "           Date      WTFESY\n",
       "0    1999-01-06         NaN\n",
       "1    1999-01-13  160.000000\n",
       "2    1999-01-20  157.000000\n",
       "3    1999-01-27  153.000000\n",
       "4    1999-02-03  151.500000\n",
       "...         ...         ...\n",
       "1095 2020-01-03  426.666667\n",
       "1096 2020-01-10  430.000000\n",
       "1097 2020-01-17  430.000000\n",
       "1098 2020-01-24  430.000000\n",
       "1099 2020-01-31  430.000000\n",
       "\n",
       "[1100 rows x 2 columns]"
      ]
     },
     "execution_count": 61,
     "metadata": {},
     "output_type": "execute_result"
    }
   ],
   "source": [
    "mdata"
   ]
  },
  {
   "cell_type": "code",
   "execution_count": 62,
   "metadata": {},
   "outputs": [],
   "source": [
    "monthly = mdata.resample(\"M\", on=\"Date\").mean()"
   ]
  },
  {
   "cell_type": "code",
   "execution_count": 63,
   "metadata": {},
   "outputs": [
    {
     "data": {
      "text/html": [
       "<div>\n",
       "<style scoped>\n",
       "    .dataframe tbody tr th:only-of-type {\n",
       "        vertical-align: middle;\n",
       "    }\n",
       "\n",
       "    .dataframe tbody tr th {\n",
       "        vertical-align: top;\n",
       "    }\n",
       "\n",
       "    .dataframe thead th {\n",
       "        text-align: right;\n",
       "    }\n",
       "</style>\n",
       "<table border=\"1\" class=\"dataframe\">\n",
       "  <thead>\n",
       "    <tr style=\"text-align: right;\">\n",
       "      <th></th>\n",
       "      <th>WTFESY</th>\n",
       "    </tr>\n",
       "    <tr>\n",
       "      <th>Date</th>\n",
       "      <th></th>\n",
       "    </tr>\n",
       "  </thead>\n",
       "  <tbody>\n",
       "    <tr>\n",
       "      <th>1999-01-31</th>\n",
       "      <td>156.666667</td>\n",
       "    </tr>\n",
       "    <tr>\n",
       "      <th>1999-02-28</th>\n",
       "      <td>150.937500</td>\n",
       "    </tr>\n",
       "    <tr>\n",
       "      <th>1999-03-31</th>\n",
       "      <td>154.850000</td>\n",
       "    </tr>\n",
       "    <tr>\n",
       "      <th>1999-04-30</th>\n",
       "      <td>159.000000</td>\n",
       "    </tr>\n",
       "    <tr>\n",
       "      <th>1999-05-31</th>\n",
       "      <td>159.500000</td>\n",
       "    </tr>\n",
       "    <tr>\n",
       "      <th>...</th>\n",
       "      <td>...</td>\n",
       "    </tr>\n",
       "    <tr>\n",
       "      <th>2019-09-30</th>\n",
       "      <td>370.000000</td>\n",
       "    </tr>\n",
       "    <tr>\n",
       "      <th>2019-10-31</th>\n",
       "      <td>382.500000</td>\n",
       "    </tr>\n",
       "    <tr>\n",
       "      <th>2019-11-30</th>\n",
       "      <td>376.250000</td>\n",
       "    </tr>\n",
       "    <tr>\n",
       "      <th>2019-12-31</th>\n",
       "      <td>403.333333</td>\n",
       "    </tr>\n",
       "    <tr>\n",
       "      <th>2020-01-31</th>\n",
       "      <td>429.333333</td>\n",
       "    </tr>\n",
       "  </tbody>\n",
       "</table>\n",
       "<p>253 rows × 1 columns</p>\n",
       "</div>"
      ],
      "text/plain": [
       "                WTFESY\n",
       "Date                  \n",
       "1999-01-31  156.666667\n",
       "1999-02-28  150.937500\n",
       "1999-03-31  154.850000\n",
       "1999-04-30  159.000000\n",
       "1999-05-31  159.500000\n",
       "...                ...\n",
       "2019-09-30  370.000000\n",
       "2019-10-31  382.500000\n",
       "2019-11-30  376.250000\n",
       "2019-12-31  403.333333\n",
       "2020-01-31  429.333333\n",
       "\n",
       "[253 rows x 1 columns]"
      ]
     },
     "execution_count": 63,
     "metadata": {},
     "output_type": "execute_result"
    }
   ],
   "source": [
    "monthly"
   ]
  },
  {
   "cell_type": "code",
   "execution_count": 65,
   "metadata": {},
   "outputs": [],
   "source": [
    "monthly.to_csv(\"monthly_feedwheat_interpd.csv\")"
   ]
  },
  {
   "cell_type": "code",
   "execution_count": null,
   "metadata": {},
   "outputs": [],
   "source": []
  }
 ],
 "metadata": {
  "kernelspec": {
   "display_name": "Python 3",
   "language": "python",
   "name": "python3"
  },
  "language_info": {
   "codemirror_mode": {
    "name": "ipython",
    "version": 3
   },
   "file_extension": ".py",
   "mimetype": "text/x-python",
   "name": "python",
   "nbconvert_exporter": "python",
   "pygments_lexer": "ipython3",
   "version": "3.8.5"
  }
 },
 "nbformat": 4,
 "nbformat_minor": 4
}
