{
 "cells": [
  {
   "cell_type": "code",
   "execution_count": 2,
   "metadata": {},
   "outputs": [],
   "source": [
    "import pandas as pd\n",
    "import datetime"
   ]
  },
  {
   "cell_type": "code",
   "execution_count": 6,
   "metadata": {},
   "outputs": [],
   "source": [
    "mdata = pd.read_csv(\"interpolated_OTH - working.csv\")"
   ]
  },
  {
   "cell_type": "code",
   "execution_count": 7,
   "metadata": {},
   "outputs": [
    {
     "data": {
      "text/html": [
       "<div>\n",
       "<style scoped>\n",
       "    .dataframe tbody tr th:only-of-type {\n",
       "        vertical-align: middle;\n",
       "    }\n",
       "\n",
       "    .dataframe tbody tr th {\n",
       "        vertical-align: top;\n",
       "    }\n",
       "\n",
       "    .dataframe thead th {\n",
       "        text-align: right;\n",
       "    }\n",
       "</style>\n",
       "<table border=\"1\" class=\"dataframe\">\n",
       "  <thead>\n",
       "    <tr style=\"text-align: right;\">\n",
       "      <th></th>\n",
       "      <th>Date</th>\n",
       "      <th>16-18kg</th>\n",
       "      <th>18-20kg</th>\n",
       "      <th>20-22kg</th>\n",
       "      <th>22-24kg</th>\n",
       "    </tr>\n",
       "  </thead>\n",
       "  <tbody>\n",
       "    <tr>\n",
       "      <th>0</th>\n",
       "      <td>10/01/2000</td>\n",
       "      <td>200.0</td>\n",
       "      <td>205.0</td>\n",
       "      <td>205.000000</td>\n",
       "      <td>200.000000</td>\n",
       "    </tr>\n",
       "    <tr>\n",
       "      <th>1</th>\n",
       "      <td>17/01/2000</td>\n",
       "      <td>202.0</td>\n",
       "      <td>207.0</td>\n",
       "      <td>205.000000</td>\n",
       "      <td>200.000000</td>\n",
       "    </tr>\n",
       "    <tr>\n",
       "      <th>2</th>\n",
       "      <td>24/01/2000</td>\n",
       "      <td>198.0</td>\n",
       "      <td>202.0</td>\n",
       "      <td>200.000000</td>\n",
       "      <td>198.000000</td>\n",
       "    </tr>\n",
       "    <tr>\n",
       "      <th>3</th>\n",
       "      <td>31/01/2000</td>\n",
       "      <td>198.0</td>\n",
       "      <td>202.0</td>\n",
       "      <td>198.000000</td>\n",
       "      <td>195.000000</td>\n",
       "    </tr>\n",
       "    <tr>\n",
       "      <th>4</th>\n",
       "      <td>7/02/2000</td>\n",
       "      <td>194.0</td>\n",
       "      <td>198.0</td>\n",
       "      <td>192.000000</td>\n",
       "      <td>191.000000</td>\n",
       "    </tr>\n",
       "    <tr>\n",
       "      <th>...</th>\n",
       "      <td>...</td>\n",
       "      <td>...</td>\n",
       "      <td>...</td>\n",
       "      <td>...</td>\n",
       "      <td>...</td>\n",
       "    </tr>\n",
       "    <tr>\n",
       "      <th>1005</th>\n",
       "      <td>30/12/2019</td>\n",
       "      <td>NaN</td>\n",
       "      <td>683.0</td>\n",
       "      <td>726.333333</td>\n",
       "      <td>726.333333</td>\n",
       "    </tr>\n",
       "    <tr>\n",
       "      <th>1006</th>\n",
       "      <td>6/01/2020</td>\n",
       "      <td>NaN</td>\n",
       "      <td>658.0</td>\n",
       "      <td>723.000000</td>\n",
       "      <td>723.000000</td>\n",
       "    </tr>\n",
       "    <tr>\n",
       "      <th>1007</th>\n",
       "      <td>13/01/2020</td>\n",
       "      <td>NaN</td>\n",
       "      <td>658.0</td>\n",
       "      <td>730.000000</td>\n",
       "      <td>730.000000</td>\n",
       "    </tr>\n",
       "    <tr>\n",
       "      <th>1008</th>\n",
       "      <td>20/01/2020</td>\n",
       "      <td>NaN</td>\n",
       "      <td>733.0</td>\n",
       "      <td>733.000000</td>\n",
       "      <td>733.000000</td>\n",
       "    </tr>\n",
       "    <tr>\n",
       "      <th>1009</th>\n",
       "      <td>27/01/2020</td>\n",
       "      <td>NaN</td>\n",
       "      <td>733.0</td>\n",
       "      <td>733.000000</td>\n",
       "      <td>733.000000</td>\n",
       "    </tr>\n",
       "  </tbody>\n",
       "</table>\n",
       "<p>1010 rows × 5 columns</p>\n",
       "</div>"
      ],
      "text/plain": [
       "            Date  16-18kg  18-20kg     20-22kg     22-24kg\n",
       "0     10/01/2000    200.0    205.0  205.000000  200.000000\n",
       "1     17/01/2000    202.0    207.0  205.000000  200.000000\n",
       "2     24/01/2000    198.0    202.0  200.000000  198.000000\n",
       "3     31/01/2000    198.0    202.0  198.000000  195.000000\n",
       "4      7/02/2000    194.0    198.0  192.000000  191.000000\n",
       "...          ...      ...      ...         ...         ...\n",
       "1005  30/12/2019      NaN    683.0  726.333333  726.333333\n",
       "1006   6/01/2020      NaN    658.0  723.000000  723.000000\n",
       "1007  13/01/2020      NaN    658.0  730.000000  730.000000\n",
       "1008  20/01/2020      NaN    733.0  733.000000  733.000000\n",
       "1009  27/01/2020      NaN    733.0  733.000000  733.000000\n",
       "\n",
       "[1010 rows x 5 columns]"
      ]
     },
     "execution_count": 7,
     "metadata": {},
     "output_type": "execute_result"
    }
   ],
   "source": [
    "mdata"
   ]
  },
  {
   "cell_type": "code",
   "execution_count": 27,
   "metadata": {},
   "outputs": [],
   "source": [
    "mdata[\"Date\"] = pd.to_datetime(mdata[\"Date\"].astype(\"str\"), format=\"%d/%m/%Y\")"
   ]
  },
  {
   "cell_type": "code",
   "execution_count": 37,
   "metadata": {},
   "outputs": [
    {
     "data": {
      "text/html": [
       "<div>\n",
       "<style scoped>\n",
       "    .dataframe tbody tr th:only-of-type {\n",
       "        vertical-align: middle;\n",
       "    }\n",
       "\n",
       "    .dataframe tbody tr th {\n",
       "        vertical-align: top;\n",
       "    }\n",
       "\n",
       "    .dataframe thead th {\n",
       "        text-align: right;\n",
       "    }\n",
       "</style>\n",
       "<table border=\"1\" class=\"dataframe\">\n",
       "  <thead>\n",
       "    <tr style=\"text-align: right;\">\n",
       "      <th></th>\n",
       "      <th>Date</th>\n",
       "      <th>16-18kg</th>\n",
       "      <th>18-20kg</th>\n",
       "      <th>20-22kg</th>\n",
       "      <th>22-24kg</th>\n",
       "    </tr>\n",
       "  </thead>\n",
       "  <tbody>\n",
       "    <tr>\n",
       "      <th>0</th>\n",
       "      <td>2000-01-10</td>\n",
       "      <td>200.0</td>\n",
       "      <td>205.0</td>\n",
       "      <td>205.000000</td>\n",
       "      <td>200.000000</td>\n",
       "    </tr>\n",
       "    <tr>\n",
       "      <th>1</th>\n",
       "      <td>2000-01-17</td>\n",
       "      <td>202.0</td>\n",
       "      <td>207.0</td>\n",
       "      <td>205.000000</td>\n",
       "      <td>200.000000</td>\n",
       "    </tr>\n",
       "    <tr>\n",
       "      <th>2</th>\n",
       "      <td>2000-01-24</td>\n",
       "      <td>198.0</td>\n",
       "      <td>202.0</td>\n",
       "      <td>200.000000</td>\n",
       "      <td>198.000000</td>\n",
       "    </tr>\n",
       "    <tr>\n",
       "      <th>3</th>\n",
       "      <td>2000-01-31</td>\n",
       "      <td>198.0</td>\n",
       "      <td>202.0</td>\n",
       "      <td>198.000000</td>\n",
       "      <td>195.000000</td>\n",
       "    </tr>\n",
       "    <tr>\n",
       "      <th>4</th>\n",
       "      <td>2000-02-07</td>\n",
       "      <td>194.0</td>\n",
       "      <td>198.0</td>\n",
       "      <td>192.000000</td>\n",
       "      <td>191.000000</td>\n",
       "    </tr>\n",
       "    <tr>\n",
       "      <th>...</th>\n",
       "      <td>...</td>\n",
       "      <td>...</td>\n",
       "      <td>...</td>\n",
       "      <td>...</td>\n",
       "      <td>...</td>\n",
       "    </tr>\n",
       "    <tr>\n",
       "      <th>1005</th>\n",
       "      <td>2019-12-30</td>\n",
       "      <td>NaN</td>\n",
       "      <td>683.0</td>\n",
       "      <td>726.333333</td>\n",
       "      <td>726.333333</td>\n",
       "    </tr>\n",
       "    <tr>\n",
       "      <th>1006</th>\n",
       "      <td>2020-01-06</td>\n",
       "      <td>NaN</td>\n",
       "      <td>658.0</td>\n",
       "      <td>723.000000</td>\n",
       "      <td>723.000000</td>\n",
       "    </tr>\n",
       "    <tr>\n",
       "      <th>1007</th>\n",
       "      <td>2020-01-13</td>\n",
       "      <td>NaN</td>\n",
       "      <td>658.0</td>\n",
       "      <td>730.000000</td>\n",
       "      <td>730.000000</td>\n",
       "    </tr>\n",
       "    <tr>\n",
       "      <th>1008</th>\n",
       "      <td>2020-01-20</td>\n",
       "      <td>NaN</td>\n",
       "      <td>733.0</td>\n",
       "      <td>733.000000</td>\n",
       "      <td>733.000000</td>\n",
       "    </tr>\n",
       "    <tr>\n",
       "      <th>1009</th>\n",
       "      <td>2020-01-27</td>\n",
       "      <td>NaN</td>\n",
       "      <td>733.0</td>\n",
       "      <td>733.000000</td>\n",
       "      <td>733.000000</td>\n",
       "    </tr>\n",
       "  </tbody>\n",
       "</table>\n",
       "<p>1010 rows × 5 columns</p>\n",
       "</div>"
      ],
      "text/plain": [
       "           Date  16-18kg  18-20kg     20-22kg     22-24kg\n",
       "0    2000-01-10    200.0    205.0  205.000000  200.000000\n",
       "1    2000-01-17    202.0    207.0  205.000000  200.000000\n",
       "2    2000-01-24    198.0    202.0  200.000000  198.000000\n",
       "3    2000-01-31    198.0    202.0  198.000000  195.000000\n",
       "4    2000-02-07    194.0    198.0  192.000000  191.000000\n",
       "...         ...      ...      ...         ...         ...\n",
       "1005 2019-12-30      NaN    683.0  726.333333  726.333333\n",
       "1006 2020-01-06      NaN    658.0  723.000000  723.000000\n",
       "1007 2020-01-13      NaN    658.0  730.000000  730.000000\n",
       "1008 2020-01-20      NaN    733.0  733.000000  733.000000\n",
       "1009 2020-01-27      NaN    733.0  733.000000  733.000000\n",
       "\n",
       "[1010 rows x 5 columns]"
      ]
     },
     "execution_count": 37,
     "metadata": {},
     "output_type": "execute_result"
    }
   ],
   "source": [
    "mdata"
   ]
  },
  {
   "cell_type": "code",
   "execution_count": 39,
   "metadata": {},
   "outputs": [
    {
     "data": {
      "text/html": [
       "<div>\n",
       "<style scoped>\n",
       "    .dataframe tbody tr th:only-of-type {\n",
       "        vertical-align: middle;\n",
       "    }\n",
       "\n",
       "    .dataframe tbody tr th {\n",
       "        vertical-align: top;\n",
       "    }\n",
       "\n",
       "    .dataframe thead th {\n",
       "        text-align: right;\n",
       "    }\n",
       "</style>\n",
       "<table border=\"1\" class=\"dataframe\">\n",
       "  <thead>\n",
       "    <tr style=\"text-align: right;\">\n",
       "      <th></th>\n",
       "      <th>16-18kg</th>\n",
       "      <th>18-20kg</th>\n",
       "      <th>20-22kg</th>\n",
       "      <th>22-24kg</th>\n",
       "    </tr>\n",
       "    <tr>\n",
       "      <th>Date</th>\n",
       "      <th></th>\n",
       "      <th></th>\n",
       "      <th></th>\n",
       "      <th></th>\n",
       "    </tr>\n",
       "  </thead>\n",
       "  <tbody>\n",
       "    <tr>\n",
       "      <th>2000-01-31</th>\n",
       "      <td>199.50</td>\n",
       "      <td>204.000000</td>\n",
       "      <td>202.00</td>\n",
       "      <td>198.250000</td>\n",
       "    </tr>\n",
       "    <tr>\n",
       "      <th>2000-02-29</th>\n",
       "      <td>188.00</td>\n",
       "      <td>192.250000</td>\n",
       "      <td>188.75</td>\n",
       "      <td>187.000000</td>\n",
       "    </tr>\n",
       "    <tr>\n",
       "      <th>2000-03-31</th>\n",
       "      <td>182.25</td>\n",
       "      <td>189.000000</td>\n",
       "      <td>188.00</td>\n",
       "      <td>188.750000</td>\n",
       "    </tr>\n",
       "    <tr>\n",
       "      <th>2000-04-30</th>\n",
       "      <td>183.00</td>\n",
       "      <td>190.666667</td>\n",
       "      <td>189.00</td>\n",
       "      <td>190.666667</td>\n",
       "    </tr>\n",
       "    <tr>\n",
       "      <th>2000-05-31</th>\n",
       "      <td>170.00</td>\n",
       "      <td>176.600000</td>\n",
       "      <td>177.40</td>\n",
       "      <td>185.400000</td>\n",
       "    </tr>\n",
       "    <tr>\n",
       "      <th>...</th>\n",
       "      <td>...</td>\n",
       "      <td>...</td>\n",
       "      <td>...</td>\n",
       "      <td>...</td>\n",
       "    </tr>\n",
       "    <tr>\n",
       "      <th>2019-09-30</th>\n",
       "      <td>NaN</td>\n",
       "      <td>790.800000</td>\n",
       "      <td>790.80</td>\n",
       "      <td>790.800000</td>\n",
       "    </tr>\n",
       "    <tr>\n",
       "      <th>2019-10-31</th>\n",
       "      <td>NaN</td>\n",
       "      <td>783.000000</td>\n",
       "      <td>783.00</td>\n",
       "      <td>778.500000</td>\n",
       "    </tr>\n",
       "    <tr>\n",
       "      <th>2019-11-30</th>\n",
       "      <td>NaN</td>\n",
       "      <td>759.250000</td>\n",
       "      <td>759.25</td>\n",
       "      <td>757.750000</td>\n",
       "    </tr>\n",
       "    <tr>\n",
       "      <th>2019-12-31</th>\n",
       "      <td>NaN</td>\n",
       "      <td>721.000000</td>\n",
       "      <td>734.00</td>\n",
       "      <td>734.000000</td>\n",
       "    </tr>\n",
       "    <tr>\n",
       "      <th>2020-01-31</th>\n",
       "      <td>NaN</td>\n",
       "      <td>695.500000</td>\n",
       "      <td>729.75</td>\n",
       "      <td>729.750000</td>\n",
       "    </tr>\n",
       "  </tbody>\n",
       "</table>\n",
       "<p>241 rows × 4 columns</p>\n",
       "</div>"
      ],
      "text/plain": [
       "            16-18kg     18-20kg  20-22kg     22-24kg\n",
       "Date                                                \n",
       "2000-01-31   199.50  204.000000   202.00  198.250000\n",
       "2000-02-29   188.00  192.250000   188.75  187.000000\n",
       "2000-03-31   182.25  189.000000   188.00  188.750000\n",
       "2000-04-30   183.00  190.666667   189.00  190.666667\n",
       "2000-05-31   170.00  176.600000   177.40  185.400000\n",
       "...             ...         ...      ...         ...\n",
       "2019-09-30      NaN  790.800000   790.80  790.800000\n",
       "2019-10-31      NaN  783.000000   783.00  778.500000\n",
       "2019-11-30      NaN  759.250000   759.25  757.750000\n",
       "2019-12-31      NaN  721.000000   734.00  734.000000\n",
       "2020-01-31      NaN  695.500000   729.75  729.750000\n",
       "\n",
       "[241 rows x 4 columns]"
      ]
     },
     "execution_count": 39,
     "metadata": {},
     "output_type": "execute_result"
    }
   ],
   "source": [
    "mdata.resample(\"M\", on=\"Date\").mean()"
   ]
  },
  {
   "cell_type": "code",
   "execution_count": null,
   "metadata": {},
   "outputs": [],
   "source": []
  }
 ],
 "metadata": {
  "kernelspec": {
   "display_name": "Python 3",
   "language": "python",
   "name": "python3"
  },
  "language_info": {
   "codemirror_mode": {
    "name": "ipython",
    "version": 3
   },
   "file_extension": ".py",
   "mimetype": "text/x-python",
   "name": "python",
   "nbconvert_exporter": "python",
   "pygments_lexer": "ipython3",
   "version": "3.8.5"
  }
 },
 "nbformat": 4,
 "nbformat_minor": 4
}
